200	3500
201	3501
202	3502
203	3503
204	3504
205	3505
206	3506
207	3507
208	3508
209	3509
210	3510
211	3511
212	3512
213	3513
214	3514
215	3515
216	3516
217	3517
218	3518
219	3519
220	3520
221	3521
222	3522
223	3523
224	3524
225	3525
226	3526
227	3527
228	3528
229	3529
230	3530
231	3531
232	3532
233	3533
234	3534
235	3535
236	3536
237	3537
238	3538
239	3539
240	3540
241	3541
242	3542
243	3543
244	3544
245	3545
246	3546
247	3547
248	3548
249	3549
250	3550
251	3551
252	3552
253	3553
254	3554
255	3555
256	3556
257	3557
258	3558
259	3559
260	3560
261	3561
262	3562
263	3563
264	3564
265	3565
266	3566
267	3567
268	3568
269	3569
270	3570
271	3571
272	3572
273	3573
274	3574
275	3575
276	3576
277	3577
278	3578
279	3579
280	3580
281	3581
282	3582
283	3583
284	3584
285	3585
286	3586
287	3587
288	3588
289	3589
290	3590
291	3591
292	3592
293	3593
294	3594
295	3595
296	3596
297	3597
298	3598
299	3599
