240	3500	48
241	3500	7
240	3500	20
245	3500	41
240	3500	35
240	3500	39
243	3500	13
241	3500	15
242	3500	28
241	3500	40
245	3500	4
242	3500	8
241	3500	9
243	3500	40
240	3500	39
241	3500	49
243	3500	25
242	3500	41
243	3500	8
241	3500	46
240	3500	30
241	3500	31
243	3500	44
241	3500	10
241	3500	30
241	3500	3
242	3500	38
241	3500	38
245	3500	34
244	3500	17
242	3500	50
245	3500	4
241	3500	10
240	3500	6
243	3500	25
243	3500	37
241	3500	38
243	3500	26
245	3500	38
245	3500	23
242	3500	32
244	3500	15
244	3500	26
244	3500	4
241	3500	6
242	3500	6
243	3500	49
242	3500	7
243	3500	39
244	3500	24
243	3500	20
244	3500	26
241	3500	36
243	3500	30
245	3500	34
241	3500	3
241	3500	34
245	3500	27
242	3500	4
244	3500	12
240	3500	31
240	3500	19
244	3500	19
243	3500	6
243	3500	40
243	3500	26
245	3500	8
243	3500	31
241	3500	48
241	3500	36
244	3500	46
242	3500	10
245	3500	24
242	3500	8
242	3500	42
240	3500	38
242	3500	24
243	3500	22
240	3500	24
240	3500	7
244	3500	6
242	3500	39
240	3500	44
242	3500	12
241	3500	29
240	3500	27
240	3500	43
243	3500	38
244	3500	22
243	3500	36
244	3500	12
240	3500	40
243	3500	30
245	3500	35
242	3500	45
245	3500	46
244	3500	13
242	3500	14
242	3500	7
245	3500	48
